version https://git-lfs.github.com/spec/v1
oid sha256:9f5377339abff14b4bb9dba9c5d9ba6e728124f32e51461168e7b23a1175c0a7
size 90
